0 0.0953872
1 0.0934795
2 0.0915718
3 0.089664
4 0.0877563
5 0.0858485
6 0.0839408
7 0.082033
8 0.0801253
9 0.0782175
10 0.0763098
11 0.074402
12 0.0724943
13 0.0705866
14 0.0686788
15 0.0667711
16 0.0648633
17 0.0629556
18 0.0610478
19 0.0591401
20 0.0572323
21 0.0553246
22 0.0534169
23 0.0515091
24 0.0496014
25 0.0476936
26 0.0457859
27 0.0438781
28 0.0419704
29 0.0400626
30 0.0381549
31 0.0362472
32 0.0343394
33 0.0324317
34 0.0305239
35 0.0286162
36 0.0267084
37 0.0248007
38 0.0228929
39 0.0209852
40 0.0190774
41 0.0171697
42 0.015262
43 0.0133542
44 0.0114465
45 0.00953872
46 0.00763098
47 0.00572323
48 0.00381549
49 0.00190774
50 0
51 -0.00190774
52 -0.00381549
53 -0.00572323
54 -0.00763098
55 -0.00953872
56 -0.0114465
57 -0.0133542
58 -0.015262
59 -0.0171697
60 -0.0190774
61 -0.0209852
62 -0.0228929
63 -0.0248007
64 -0.0267084
65 -0.0286162
66 -0.0305239
67 -0.0324317
68 -0.0343394
69 -0.0362472
70 -0.0381549
71 -0.0400626
72 -0.0419704
73 -0.0438781
74 -0.0457859
75 -0.0476936
76 -0.0496014
77 -0.0515091
78 -0.0534169
79 -0.0553246
80 -0.0572323
81 -0.0591401
82 -0.0610478
83 -0.0629556
84 -0.0648633
85 -0.0667711
86 -0.0686788
87 -0.0705866
88 -0.0724943
89 -0.074402
90 -0.0763098
91 -0.0782175
92 -0.0801253
93 -0.082033
94 -0.0839408
95 -0.0858485
96 -0.0877563
97 -0.089664
98 -0.0915718
99 -0.0934795
