0 -0.371681
1 -0.364248
2 -0.356814
3 -0.349381
4 -0.341947
5 -0.334513
6 -0.32708
7 -0.319646
8 -0.312212
9 -0.304779
10 -0.297345
11 -0.289912
12 -0.282478
13 -0.275044
14 -0.267611
15 -0.260177
16 -0.252743
17 -0.24531
18 -0.237876
19 -0.230443
20 -0.223009
21 -0.215575
22 -0.208142
23 -0.200708
24 -0.193274
25 -0.185841
26 -0.178407
27 -0.170973
28 -0.16354
29 -0.156106
30 -0.148673
31 -0.141239
32 -0.133805
33 -0.126372
34 -0.118938
35 -0.111504
36 -0.104071
37 -0.0966372
38 -0.0892036
39 -0.0817699
40 -0.0743363
41 -0.0669027
42 -0.059469
43 -0.0520354
44 -0.0446018
45 -0.0371681
46 -0.0297345
47 -0.0223009
48 -0.0148673
49 -0.00743363
50 0
51 0.00743363
52 0.0148673
53 0.0223009
54 0.0297345
55 0.0371681
56 0.0446018
57 0.0520354
58 0.059469
59 0.0669027
60 0.0743363
61 0.0817699
62 0.0892036
63 0.0966372
64 0.104071
65 0.111504
66 0.118938
67 0.126372
68 0.133805
69 0.141239
70 0.148673
71 0.156106
72 0.16354
73 0.170973
74 0.178407
75 0.185841
76 0.193274
77 0.200708
78 0.208142
79 0.215575
80 0.223009
81 0.230443
82 0.237876
83 0.24531
84 0.252743
85 0.260177
86 0.267611
87 0.275044
88 0.282478
89 0.289912
90 0.297345
91 0.304779
92 0.312212
93 0.319646
94 0.32708
95 0.334513
96 0.341947
97 0.349381
98 0.356814
99 0.364248
