0 0.265193
1 0.259889
2 0.254585
3 0.249281
4 0.243977
5 0.238673
6 0.23337
7 0.228066
8 0.222762
9 0.217458
10 0.212154
11 0.20685
12 0.201546
13 0.196243
14 0.190939
15 0.185635
16 0.180331
17 0.175027
18 0.169723
19 0.16442
20 0.159116
21 0.153812
22 0.148508
23 0.143204
24 0.1379
25 0.132596
26 0.127293
27 0.121989
28 0.116685
29 0.111381
30 0.106077
31 0.100773
32 0.0954694
33 0.0901655
34 0.0848617
35 0.0795578
36 0.074254
37 0.0689501
38 0.0636463
39 0.0583424
40 0.0530385
41 0.0477347
42 0.0424308
43 0.037127
44 0.0318231
45 0.0265193
46 0.0212154
47 0.0159116
48 0.0106077
49 0.00530385
50 -0
51 -0.00530385
52 -0.0106077
53 -0.0159116
54 -0.0212154
55 -0.0265193
56 -0.0318231
57 -0.037127
58 -0.0424308
59 -0.0477347
60 -0.0530385
61 -0.0583424
62 -0.0636463
63 -0.0689501
64 -0.074254
65 -0.0795578
66 -0.0848617
67 -0.0901655
68 -0.0954694
69 -0.100773
70 -0.106077
71 -0.111381
72 -0.116685
73 -0.121989
74 -0.127293
75 -0.132596
76 -0.1379
77 -0.143204
78 -0.148508
79 -0.153812
80 -0.159116
81 -0.16442
82 -0.169723
83 -0.175027
84 -0.180331
85 -0.185635
86 -0.190939
87 -0.196243
88 -0.201546
89 -0.20685
90 -0.212154
91 -0.217458
92 -0.222762
93 -0.228066
94 -0.23337
95 -0.238673
96 -0.243977
97 -0.249281
98 -0.254585
99 -0.259889
