0 -0.299668
1 -0.293674
2 -0.287681
3 -0.281688
4 -0.275694
5 -0.269701
6 -0.263708
7 -0.257714
8 -0.251721
9 -0.245728
10 -0.239734
11 -0.233741
12 -0.227748
13 -0.221754
14 -0.215761
15 -0.209767
16 -0.203774
17 -0.197781
18 -0.191787
19 -0.185794
20 -0.179801
21 -0.173807
22 -0.167814
23 -0.161821
24 -0.155827
25 -0.149834
26 -0.143841
27 -0.137847
28 -0.131854
29 -0.12586
30 -0.119867
31 -0.113874
32 -0.10788
33 -0.101887
34 -0.0958937
35 -0.0899004
36 -0.083907
37 -0.0779136
38 -0.0719203
39 -0.0659269
40 -0.0599336
41 -0.0539402
42 -0.0479469
43 -0.0419535
44 -0.0359601
45 -0.0299668
46 -0.0239734
47 -0.0179801
48 -0.0119867
49 -0.00599336
50 -0
51 0.00599336
52 0.0119867
53 0.0179801
54 0.0239734
55 0.0299668
56 0.0359601
57 0.0419535
58 0.0479469
59 0.0539402
60 0.0599336
61 0.0659269
62 0.0719203
63 0.0779136
64 0.083907
65 0.0899004
66 0.0958937
67 0.101887
68 0.10788
69 0.113874
70 0.119867
71 0.12586
72 0.131854
73 0.137847
74 0.143841
75 0.149834
76 0.155827
77 0.161821
78 0.167814
79 0.173807
80 0.179801
81 0.185794
82 0.191787
83 0.197781
84 0.203774
85 0.209767
86 0.215761
87 0.221754
88 0.227748
89 0.233741
90 0.239734
91 0.245728
92 0.251721
93 0.257714
94 0.263708
95 0.269701
96 0.275694
97 0.281688
98 0.287681
99 0.293674
