0 -0.0844135
1 -0.0827252
2 -0.0810369
3 -0.0793487
4 -0.0776604
5 -0.0759721
6 -0.0742839
7 -0.0725956
8 -0.0709073
9 -0.069219
10 -0.0675308
11 -0.0658425
12 -0.0641542
13 -0.062466
14 -0.0607777
15 -0.0590894
16 -0.0574012
17 -0.0557129
18 -0.0540246
19 -0.0523364
20 -0.0506481
21 -0.0489598
22 -0.0472715
23 -0.0455833
24 -0.043895
25 -0.0422067
26 -0.0405185
27 -0.0388302
28 -0.0371419
29 -0.0354537
30 -0.0337654
31 -0.0320771
32 -0.0303888
33 -0.0287006
34 -0.0270123
35 -0.025324
36 -0.0236358
37 -0.0219475
38 -0.0202592
39 -0.018571
40 -0.0168827
41 -0.0151944
42 -0.0135062
43 -0.0118179
44 -0.0101296
45 -0.00844135
46 -0.00675308
47 -0.00506481
48 -0.00337654
49 -0.00168827
50 0
51 0.00168827
52 0.00337654
53 0.00506481
54 0.00675308
55 0.00844135
56 0.0101296
57 0.0118179
58 0.0135062
59 0.0151944
60 0.0168827
61 0.018571
62 0.0202592
63 0.0219475
64 0.0236358
65 0.025324
66 0.0270123
67 0.0287006
68 0.0303888
69 0.0320771
70 0.0337654
71 0.0354537
72 0.0371419
73 0.0388302
74 0.0405185
75 0.0422067
76 0.043895
77 0.0455833
78 0.0472715
79 0.0489598
80 0.0506481
81 0.0523364
82 0.0540246
83 0.0557129
84 0.0574012
85 0.0590894
86 0.0607777
87 0.062466
88 0.0641542
89 0.0658425
90 0.0675308
91 0.069219
92 0.0709073
93 0.0725956
94 0.0742839
95 0.0759721
96 0.0776604
97 0.0793487
98 0.0810369
99 0.0827252
