0 3.14159
1 3.07876
2 3.01593
3 2.9531
4 2.89027
5 2.82743
6 2.7646
7 2.70177
8 2.63894
9 2.57611
10 2.51327
11 2.45044
12 2.38761
13 2.32478
14 2.26195
15 2.19911
16 2.13628
17 2.07345
18 2.01062
19 1.94779
20 1.88496
21 1.82212
22 1.75929
23 1.69646
24 1.63363
25 1.5708
26 1.50796
27 1.44513
28 1.3823
29 1.31947
30 1.25664
31 1.19381
32 1.13097
33 1.06814
34 1.00531
35 0.942478
36 0.879646
37 0.816814
38 0.753982
39 0.69115
40 0.628319
41 0.565487
42 0.502655
43 0.439823
44 0.376991
45 0.314159
46 0.251327
47 0.188496
48 0.125664
49 0.0628319
50 -0
51 -0.0628319
52 -0.125664
53 -0.188496
54 -0.251327
55 -0.314159
56 -0.376991
57 -0.439823
58 -0.502655
59 -0.565487
60 -0.628319
61 -0.69115
62 -0.753982
63 -0.816814
64 -0.879646
65 -0.942478
66 -1.00531
67 -1.06814
68 -1.13097
69 -1.19381
70 -1.25664
71 -1.31947
72 -1.3823
73 -1.44513
74 -1.50796
75 -1.5708
76 -1.63363
77 -1.69646
78 -1.75929
79 -1.82212
80 -1.88496
81 -1.94779
82 -2.01062
83 -2.07345
84 -2.13628
85 -2.19911
86 -2.26195
87 -2.32478
88 -2.38761
89 -2.45044
90 -2.51327
91 -2.57611
92 -2.63894
93 -2.70177
94 -2.7646
95 -2.82743
96 -2.89027
97 -2.9531
98 -3.01593
99 -3.07876
