0 1.16767
1 1.14432
2 1.12096
3 1.09761
4 1.07426
5 1.0509
6 1.02755
7 1.0042
8 0.980844
9 0.957491
10 0.934137
11 0.910784
12 0.887431
13 0.864077
14 0.840724
15 0.81737
16 0.794017
17 0.770663
18 0.74731
19 0.723956
20 0.700603
21 0.67725
22 0.653896
23 0.630543
24 0.607189
25 0.583836
26 0.560482
27 0.537129
28 0.513776
29 0.490422
30 0.467069
31 0.443715
32 0.420362
33 0.397008
34 0.373655
35 0.350302
36 0.326948
37 0.303595
38 0.280241
39 0.256888
40 0.233534
41 0.210181
42 0.186827
43 0.163474
44 0.140121
45 0.116767
46 0.0934137
47 0.0700603
48 0.0467069
49 0.0233534
50 -0
51 -0.0233534
52 -0.0467069
53 -0.0700603
54 -0.0934137
55 -0.116767
56 -0.140121
57 -0.163474
58 -0.186827
59 -0.210181
60 -0.233534
61 -0.256888
62 -0.280241
63 -0.303595
64 -0.326948
65 -0.350302
66 -0.373655
67 -0.397008
68 -0.420362
69 -0.443715
70 -0.467069
71 -0.490422
72 -0.513776
73 -0.537129
74 -0.560482
75 -0.583836
76 -0.607189
77 -0.630543
78 -0.653896
79 -0.67725
80 -0.700603
81 -0.723956
82 -0.74731
83 -0.770663
84 -0.794017
85 -0.81737
86 -0.840724
87 -0.864077
88 -0.887431
89 -0.910784
90 -0.934137
91 -0.957491
92 -0.980844
93 -1.0042
94 -1.02755
95 -1.0509
96 -1.07426
97 -1.09761
98 -1.12096
99 -1.14432
