0 0.127741
1 0.125186
2 0.122631
3 0.120076
4 0.117521
5 0.114967
6 0.112412
7 0.109857
8 0.107302
9 0.104747
10 0.102193
11 0.0996378
12 0.0970829
13 0.0945281
14 0.0919733
15 0.0894185
16 0.0868637
17 0.0843089
18 0.0817541
19 0.0791992
20 0.0766444
21 0.0740896
22 0.0715348
23 0.06898
24 0.0664252
25 0.0638704
26 0.0613155
27 0.0587607
28 0.0562059
29 0.0536511
30 0.0510963
31 0.0485415
32 0.0459867
33 0.0434318
34 0.040877
35 0.0383222
36 0.0357674
37 0.0332126
38 0.0306578
39 0.028103
40 0.0255481
41 0.0229933
42 0.0204385
43 0.0178837
44 0.0153289
45 0.0127741
46 0.0102193
47 0.00766444
48 0.00510963
49 0.00255481
50 0
51 -0.00255481
52 -0.00510963
53 -0.00766444
54 -0.0102193
55 -0.0127741
56 -0.0153289
57 -0.0178837
58 -0.0204385
59 -0.0229933
60 -0.0255481
61 -0.028103
62 -0.0306578
63 -0.0332126
64 -0.0357674
65 -0.0383222
66 -0.040877
67 -0.0434318
68 -0.0459867
69 -0.0485415
70 -0.0510963
71 -0.0536511
72 -0.0562059
73 -0.0587607
74 -0.0613155
75 -0.0638704
76 -0.0664252
77 -0.06898
78 -0.0715348
79 -0.0740896
80 -0.0766444
81 -0.0791992
82 -0.0817541
83 -0.0843089
84 -0.0868637
85 -0.0894185
86 -0.0919733
87 -0.0945281
88 -0.0970829
89 -0.0996378
90 -0.102193
91 -0.104747
92 -0.107302
93 -0.109857
94 -0.112412
95 -0.114967
96 -0.117521
97 -0.120076
98 -0.122631
99 -0.125186
